252 575
0 1
0 2
0 3
0 4
0 26
0 27
0 28
0 29
0 30
0 175
0 229
1 2
1 3
1 4
1 184
1 229
1 230
2 3
2 4
2 27
2 28
3 4
3 5
3 15
3 16
4 5
5 6
5 10
5 11
5 12
5 13
5 86
5 248
6 7
6 10
6 11
6 12
7 8
7 10
7 11
7 50
8 9
8 10
8 175
8 177
8 224
9 10
9 42
9 109
9 223
10 11
10 12
10 237
11 12
12 13
13 14
13 95
13 105
13 236
13 238
14 15
14 95
14 170
15 16
15 170
15 219
15 224
15 248
15 249
16 17
16 21
16 22
16 187
16 244
17 18
17 21
17 22
17 208
18 19
18 174
18 176
18 248
19 20
19 50
19 176
19 184
20 21
20 109
20 165
20 174
20 176
21 22
21 50
22 23
22 125
22 210
23 24
23 109
23 110
23 111
23 177
24 25
24 51
24 111
25 26
25 40
25 41
25 179
25 187
25 216
26 27
26 29
26 125
27 28
27 170
28 29
29 30
29 31
29 32
29 36
30 31
30 32
30 178
30 188
30 197
31 32
31 35
31 36
31 171
32 33
32 35
32 36
32 190
33 34
33 36
33 37
33 215
34 35
34 36
34 37
34 38
35 36
37 38
37 214
37 215
38 171
38 183
39 40
39 41
39 42
40 216
41 219
41 224
42 175
42 244
43 44
43 46
43 47
43 48
43 219
43 222
43 226
44 45
44 46
44 47
44 48
44 188
44 198
44 212
45 46
45 47
45 179
45 211
45 213
46 47
46 213
47 48
47 212
48 49
49 50
49 170
49 200
49 216
49 224
50 208
50 212
51 200
51 218
51 233
51 234
52 53
52 55
52 57
52 175
52 224
52 249
53 54
53 55
53 56
53 57
53 180
54 55
54 56
54 57
55 56
55 167
56 57
56 73
56 218
56 224
57 58
57 73
58 59
58 72
58 73
58 207
58 209
58 245
58 250
59 60
59 61
59 68
59 225
60 61
60 62
60 63
60 64
60 65
60 66
60 209
61 62
61 73
61 208
61 212
62 63
62 65
62 212
63 64
64 65
66 67
66 69
66 229
66 244
66 250
67 68
67 182
68 69
68 70
69 70
69 219
69 245
70 71
70 73
70 75
70 219
70 250
71 72
71 73
71 74
72 73
72 74
72 75
73 74
73 81
74 75
75 76
75 81
76 77
76 78
76 79
76 80
77 78
77 79
77 80
78 79
78 80
79 80
81 82
81 90
82 83
82 89
82 90
82 95
83 84
83 88
83 89
83 90
84 85
84 87
84 90
84 94
84 95
85 86
85 87
85 90
85 91
85 93
85 96
86 87
86 89
86 90
87 88
87 90
87 96
88 89
88 90
89 90
90 91
91 93
91 97
92 97
92 98
92 99
92 100
92 101
92 223
92 248
93 94
93 96
93 218
94 95
94 96
97 98
97 249
98 99
98 100
98 107
98 209
99 100
99 101
99 109
99 222
100 101
101 102
101 107
101 116
102 103
102 107
102 115
102 117
103 104
103 115
103 117
103 122
104 105
104 106
104 113
104 114
104 115
105 106
105 236
105 238
106 110
106 112
106 113
106 116
106 218
106 224
107 108
107 207
107 222
107 249
108 109
108 220
108 222
109 159
110 111
110 234
112 113
112 117
112 118
112 122
113 114
113 115
114 115
114 118
115 117
116 166
117 118
117 119
117 120
118 119
118 122
119 120
120 121
121 122
121 218
122 123
123 124
123 125
124 125
125 126
126 127
126 129
126 135
127 128
127 129
128 129
128 130
128 131
128 132
128 134
128 135
129 130
129 131
129 132
129 134
129 135
130 131
130 135
131 132
131 133
131 134
132 133
132 134
133 134
136 137
136 138
136 160
136 161
137 138
137 139
137 140
137 141
137 142
137 155
137 157
138 139
138 141
139 140
139 141
140 141
140 142
140 156
141 146
142 143
142 155
142 156
143 144
144 145
146 147
146 150
146 154
147 148
147 149
147 151
147 152
148 149
148 153
149 150
149 151
149 152
150 151
150 153
150 154
151 152
151 153
155 156
157 158
157 161
158 160
158 161
158 162
159 164
160 161
162 163
162 168
163 168
163 169
163 244
165 168
165 200
165 236
165 238
167 170
167 172
171 186
172 173
173 174
173 176
174 176
175 177
175 178
179 181
180 183
180 186
181 182
181 189
182 189
184 198
184 202
185 191
185 192
185 194
185 195
185 199
187 219
187 244
188 198
190 191
190 192
190 196
191 192
191 193
191 197
192 196
193 194
193 195
194 195
196 197
199 214
199 217
201 204
201 205
201 206
201 226
202 203
203 204
203 206
204 205
204 206
205 206
206 207
208 211
208 212
208 213
210 214
210 217
210 222
210 249
211 212
211 213
212 213
214 215
214 217
215 217
216 226
217 220
221 224
221 225
221 231
223 224
223 225
223 246
225 231
227 239
227 240
227 241
227 243
227 246
227 247
228 239
228 240
228 246
230 235
230 236
230 238
231 232
231 239
232 233
233 234
235 236
236 238
237 239
237 240
237 242
237 246
237 247
237 251
239 242
240 241
240 246
241 243
243 246
246 247
